seed,policy,c,success,safety,efficiency,time,recovery,scalar_competence,experiment_id
1000,T,0.5,1.0,1.0,0.9652598087904157,1.9833333333333334,1.0,1.094859314212375,E03_HIDDEN_VULNERABILITY
1000,T,0.75,1.0,1.0,0.9648410265925066,1.9833333333333334,1.0,1.094817435992584,E03_HIDDEN_VULNERABILITY
1000,T,1.0,1.0,1.0,0.9637383514568969,1.9833333333333334,1.0,1.094707168479023,E03_HIDDEN_VULNERABILITY
1000,T,1.5,1.0,1.0,0.9650235036115425,1.9833333333333334,1.0,1.0948356836944877,E03_HIDDEN_VULNERABILITY
1000,T,2.0,0.875,1.0,0.9649190281622319,1.8604166666666666,1.0,1.0325335694828899,E03_HIDDEN_VULNERABILITY
1000,C,0.5,1.0,1.0,0.9546612076569887,1.9833333333333334,1.0,1.0937994540990321,E03_HIDDEN_VULNERABILITY
1000,C,0.75,0.875,1.0,0.9537646402799828,1.8604166666666666,1.0,1.031418130694665,E03_HIDDEN_VULNERABILITY
1000,C,1.0,1.0,1.0,0.9547654921717474,1.9833333333333334,1.0,1.093809882550508,E03_HIDDEN_VULNERABILITY
1000,C,1.5,1.0,1.0,0.9526782394242715,1.9833333333333334,1.0,1.0936011572757605,E03_HIDDEN_VULNERABILITY
1000,C,2.0,1.0,1.0,0.9548985293089326,1.9833333333333334,1.0,1.0938231862642267,E03_HIDDEN_VULNERABILITY
1000,0,0.5,1.0,1.0,0.9981213911464858,1.9833333333333334,1.0,1.098145472447982,E03_HIDDEN_VULNERABILITY
1000,0,0.75,1.0,1.0,0.9986076185132752,1.9833333333333334,1.0,1.098194095184661,E03_HIDDEN_VULNERABILITY
1000,0,1.0,1.0,1.0,0.9984300124336263,1.9833333333333334,1.0,1.098176334576696,E03_HIDDEN_VULNERABILITY
1000,0,1.5,1.0,1.0,0.9985551203517253,1.9833333333333334,1.0,1.0981888453685058,E03_HIDDEN_VULNERABILITY
1000,0,2.0,1.0,1.0,0.9985067057317758,1.9833333333333334,1.0,1.098184003906511,E03_HIDDEN_VULNERABILITY
1001,T,0.5,1.0,1.0,0.9468215338117678,1.9833333333333334,1.0,1.09301548671451,E03_HIDDEN_VULNERABILITY
1001,T,0.75,1.0,1.0,0.9458241596238756,1.9833333333333334,1.0,1.0929157492957209,E03_HIDDEN_VULNERABILITY
1001,T,1.0,1.0,1.0,0.9455251717998602,1.9833333333333334,1.0,1.0928858505133194,E03_HIDDEN_VULNERABILITY
1001,T,1.5,1.0,1.0,0.947092142814207,1.9833333333333334,1.0,1.093042547614754,E03_HIDDEN_VULNERABILITY
1001,T,2.0,1.0,1.0,0.947599738465601,1.9833333333333334,1.0,1.0930933071798934,E03_HIDDEN_VULNERABILITY
1001,C,0.5,0.875,1.0,0.9446072608162805,1.8604166666666666,1.0,1.0305023927482948,E03_HIDDEN_VULNERABILITY
1001,C,0.75,1.0,1.0,0.9399974777390708,1.9833333333333334,1.0,1.0923330811072405,E03_HIDDEN_VULNERABILITY
1001,C,1.0,1.0,1.0,0.941904633489782,1.9833333333333334,1.0,1.0925237966823116,E03_HIDDEN_VULNERABILITY
1001,C,1.5,1.0,1.0,0.9392764403368673,1.9791666666666665,1.0,1.0918443107003533,E03_HIDDEN_VULNERABILITY
1001,C,2.0,1.0,1.0,0.9396310085088061,1.9833333333333334,1.0,1.092296434184214,E03_HIDDEN_VULNERABILITY
1001,0,0.5,1.0,1.0,0.988671746170326,1.9833333333333334,1.0,1.097200507950366,E03_HIDDEN_VULNERABILITY
1001,0,0.75,1.0,1.0,0.9885242408377283,1.9833333333333334,1.0,1.0971857574171062,E03_HIDDEN_VULNERABILITY
1001,0,1.0,1.0,1.0,0.988453740354078,1.9833333333333334,1.0,1.0971787073687411,E03_HIDDEN_VULNERABILITY
1001,0,1.5,1.0,1.0,0.9871634934345546,1.9833333333333334,1.0,1.0970496826767888,E03_HIDDEN_VULNERABILITY
1001,0,2.0,1.0,1.0,0.9870805761343417,1.9833333333333334,1.0,1.0970413909467676,E03_HIDDEN_VULNERABILITY
1002,T,0.5,1.0,1.0,0.990674926838814,1.9833333333333334,1.0,1.0974008260172148,E03_HIDDEN_VULNERABILITY
1002,T,0.75,1.0,1.0,0.9916015437711696,1.9833333333333334,1.0,1.0974934877104503,E03_HIDDEN_VULNERABILITY
1002,T,1.0,1.0,1.0,0.9911059341682263,1.9833333333333334,1.0,1.097443926750156,E03_HIDDEN_VULNERABILITY
1002,T,1.5,1.0,1.0,0.9919999244119349,1.9833333333333334,1.0,1.0975333257745268,E03_HIDDEN_VULNERABILITY
1002,T,2.0,1.0,1.0,0.9886917692220566,1.9833333333333334,1.0,1.097202510255539,E03_HIDDEN_VULNERABILITY
1002,C,0.5,0.875,1.0,0.995268962188943,1.8604166666666666,1.0,1.035568562885561,E03_HIDDEN_VULNERABILITY
1002,C,0.75,1.0,1.0,0.9934570404038994,1.9833333333333334,1.0,1.0976790373737233,E03_HIDDEN_VULNERABILITY
1002,C,1.0,1.0,1.0,0.9920554662833078,1.9833333333333334,1.0,1.097538879961664,E03_HIDDEN_VULNERABILITY
1002,C,1.5,1.0,1.0,0.992800361831154,1.9833333333333334,1.0,1.0976133695164487,E03_HIDDEN_VULNERABILITY
1002,C,2.0,1.0,1.0,0.9948280060047789,1.9833333333333334,1.0,1.0978161339338113,E03_HIDDEN_VULNERABILITY
1002,0,0.5,1.0,1.0,0.9930649513688964,1.9833333333333334,1.0,1.097639828470223,E03_HIDDEN_VULNERABILITY
1002,0,0.75,1.0,1.0,0.9928752397507347,1.9833333333333334,1.0,1.0976208573084067,E03_HIDDEN_VULNERABILITY
1002,0,1.0,1.0,1.0,0.994603430006287,1.9833333333333334,1.0,1.097793676333962,E03_HIDDEN_VULNERABILITY
1002,0,1.5,1.0,1.0,0.9916573172290234,1.9833333333333334,1.0,1.0974990650562357,E03_HIDDEN_VULNERABILITY
1002,0,2.0,1.0,1.0,0.9918855612676414,1.9833333333333334,1.0,1.0975218894600975,E03_HIDDEN_VULNERABILITY
1003,T,0.5,1.0,1.0,0.7585992368002362,1.9833333333333334,1.0,1.074193257013357,E03_HIDDEN_VULNERABILITY
1003,T,0.75,1.0,1.0,0.7622634215695704,1.9833333333333334,1.0,1.0745596754902904,E03_HIDDEN_VULNERABILITY
1003,T,1.0,1.0,1.0,0.7576309103390944,1.9833333333333334,1.0,1.0740964243672428,E03_HIDDEN_VULNERABILITY
1003,T,1.5,1.0,1.0,0.7624936979288576,1.9833333333333334,1.0,1.0745827031262192,E03_HIDDEN_VULNERABILITY
1003,T,2.0,0.875,1.0,0.45165973608754734,1.8604166666666666,1.0,0.9812076402754214,E03_HIDDEN_VULNERABILITY
1003,C,0.5,1.0,1.0,0.7679208320730376,1.9833333333333334,1.0,1.0751254165406372,E03_HIDDEN_VULNERABILITY
1003,C,0.75,1.0,1.0,0.7640938874873898,1.9833333333333334,1.0,1.0747427220820724,E03_HIDDEN_VULNERABILITY
1003,C,1.0,0.875,1.0,0.6682126550596615,1.8604166666666666,1.0,1.0028629321726328,E03_HIDDEN_VULNERABILITY
1003,C,1.5,1.0,1.0,0.7587953426536918,1.9833333333333334,1.0,1.0742128675987026,E03_HIDDEN_VULNERABILITY
1003,C,2.0,1.0,1.0,0.7613990463413474,1.9833333333333334,1.0,1.0744732379674682,E03_HIDDEN_VULNERABILITY
1003,0,0.5,1.0,1.0,0.7591637340696226,1.9833333333333334,1.0,1.0742497067402956,E03_HIDDEN_VULNERABILITY
1003,0,0.75,1.0,1.0,0.7594265808063314,1.9833333333333334,1.0,1.0742759914139666,E03_HIDDEN_VULNERABILITY
1003,0,1.0,1.0,1.0,0.7638975198803881,1.9833333333333334,1.0,1.074723085321372,E03_HIDDEN_VULNERABILITY
1003,0,1.5,1.0,1.0,0.7574546126410316,1.9833333333333334,1.0,1.0740787945974366,E03_HIDDEN_VULNERABILITY
1003,0,2.0,1.0,1.0,0.7691208582082094,1.9833333333333334,1.0,1.0752454191541543,E03_HIDDEN_VULNERABILITY
1004,T,0.5,0.875,1.0,0.9618381110391994,1.8604166666666666,1.0,1.0322254777705866,E03_HIDDEN_VULNERABILITY
1004,T,0.75,1.0,1.0,0.9553617571299421,1.9833333333333334,1.0,1.0938695090463275,E03_HIDDEN_VULNERABILITY
1004,T,1.0,1.0,1.0,0.9548788275824686,1.9833333333333334,1.0,1.0938212160915801,E03_HIDDEN_VULNERABILITY
1004,T,1.5,1.0,1.0,0.9576233375152192,1.9833333333333334,1.0,1.0940956670848552,E03_HIDDEN_VULNERABILITY
1004,T,2.0,1.0,1.0,0.956204643752021,1.9833333333333334,1.0,1.0939537977085354,E03_HIDDEN_VULNERABILITY
1004,C,0.5,1.0,1.0,0.9784898792847471,1.9833333333333334,1.0,1.096182321261808,E03_HIDDEN_VULNERABILITY
1004,C,0.75,1.0,1.0,0.9812290754576447,1.9833333333333334,1.0,1.0964562408790979,E03_HIDDEN_VULNERABILITY
1004,C,1.0,1.0,1.0,0.9822121468915483,1.9833333333333334,1.0,1.096554548022488,E03_HIDDEN_VULNERABILITY
1004,C,1.5,1.0,1.0,0.9817828222669897,1.9833333333333334,1.0,1.0965116155600323,E03_HIDDEN_VULNERABILITY
1004,C,2.0,1.0,1.0,0.9812639272316576,1.9833333333333334,1.0,1.0964597260564992,E03_HIDDEN_VULNERABILITY
1004,0,0.5,1.0,1.0,0.9800451726835759,1.9833333333333334,1.0,1.096337850601691,E03_HIDDEN_VULNERABILITY
1004,0,0.75,1.0,1.0,0.9833153286007195,1.9833333333333334,1.0,1.0966648661934053,E03_HIDDEN_VULNERABILITY
1004,0,1.0,1.0,1.0,0.9806556651600026,1.9833333333333334,1.0,1.0963988998493337,E03_HIDDEN_VULNERABILITY
1004,0,1.5,1.0,1.0,0.9833057265032829,1.9833333333333334,1.0,1.0966639059836616,E03_HIDDEN_VULNERABILITY
1004,0,2.0,1.0,1.0,0.9812233292977612,1.9833333333333334,1.0,1.0964556662631095,E03_HIDDEN_VULNERABILITY
1005,T,0.5,1.0,1.0,0.52794931785513,1.9833333333333334,1.0,1.0511282651188463,E03_HIDDEN_VULNERABILITY
1005,T,0.75,1.0,1.0,0.5303054507405601,1.9833333333333334,1.0,1.0513638784073893,E03_HIDDEN_VULNERABILITY
1005,T,1.0,1.0,1.0,0.5285028034605618,1.9833333333333334,1.0,1.0511836136793895,E03_HIDDEN_VULNERABILITY
1005,T,1.5,1.0,1.0,0.5316444820438962,1.9833333333333334,1.0,1.0514977815377229,E03_HIDDEN_VULNERABILITY
1005,T,2.0,1.0,1.0,0.5294542831151071,1.9833333333333334,1.0,1.051278761644844,E03_HIDDEN_VULNERABILITY
1005,C,0.5,1.0,1.0,0.5293017705352181,1.9833333333333334,1.0,1.051263510386855,E03_HIDDEN_VULNERABILITY
1005,C,0.75,1.0,1.0,0.5316814608777726,1.9833333333333334,1.0,1.0515014794211106,E03_HIDDEN_VULNERABILITY
1005,C,1.0,1.0,1.0,0.5276968268645851,1.9833333333333334,1.0,1.0511030160197918,E03_HIDDEN_VULNERABILITY
1005,C,1.5,1.0,1.0,0.5284063985902646,1.9833333333333334,1.0,1.0511739731923597,E03_HIDDEN_VULNERABILITY
1005,C,2.0,1.0,1.0,0.5290676022285448,1.9833333333333334,1.0,1.0512400935561879,E03_HIDDEN_VULNERABILITY
1005,0,0.5,1.0,1.0,0.5364936539398786,1.9833333333333334,1.0,1.0519826987273213,E03_HIDDEN_VULNERABILITY
1005,0,0.75,1.0,1.0,0.5313314731662824,1.9833333333333334,1.0,1.0514664806499616,E03_HIDDEN_VULNERABILITY
1005,0,1.0,1.0,1.0,0.5370479246518569,1.9833333333333334,1.0,1.052038125798519,E03_HIDDEN_VULNERABILITY
1005,0,1.5,1.0,1.0,0.5317186721223508,1.9833333333333334,1.0,1.0515052005455685,E03_HIDDEN_VULNERABILITY
1005,0,2.0,1.0,1.0,0.5312176740146728,1.9833333333333334,1.0,1.0514551007348005,E03_HIDDEN_VULNERABILITY
1006,T,0.5,1.0,1.0,0.7445649543361681,1.9833333333333334,1.0,1.0727898287669502,E03_HIDDEN_VULNERABILITY
1006,T,0.75,1.0,1.0,0.745827356837186,1.9833333333333334,1.0,1.072916069017052,E03_HIDDEN_VULNERABILITY
1006,T,1.0,1.0,1.0,0.745191585250872,1.9833333333333334,1.0,1.0728524918584206,E03_HIDDEN_VULNERABILITY
1006,T,1.5,1.0,1.0,0.7461063212404837,1.9833333333333334,1.0,1.0729439654573818,E03_HIDDEN_VULNERABILITY
1006,T,2.0,1.0,1.0,0.7462862861406774,1.9833333333333334,1.0,1.0729619619474011,E03_HIDDEN_VULNERABILITY
1006,C,0.5,1.0,1.0,0.6849305487638309,1.9833333333333334,1.0,1.0668263882097164,E03_HIDDEN_VULNERABILITY
1006,C,0.75,1.0,1.0,0.6825377350614745,1.9833333333333334,1.0,1.0665871068394808,E03_HIDDEN_VULNERABILITY
1006,C,1.0,1.0,1.0,0.6762453615367073,1.9833333333333334,1.0,1.065957869487004,E03_HIDDEN_VULNERABILITY
1006,C,1.5,1.0,1.0,0.6761367657857347,1.9833333333333334,1.0,1.0659470099119068,E03_HIDDEN_VULNERABILITY
1006,C,2.0,1.0,1.0,0.6842790766505333,1.9833333333333334,1.0,1.0667612409983867,E03_HIDDEN_VULNERABILITY
1006,0,0.5,1.0,1.0,0.696733720192892,1.9833333333333334,1.0,1.0680067053526225,E03_HIDDEN_VULNERABILITY
1006,0,0.75,1.0,1.0,0.700353871912616,1.9833333333333334,1.0,1.0683687205245949,E03_HIDDEN_VULNERABILITY
1006,0,1.0,1.0,1.0,0.6959381977677093,1.9833333333333334,1.0,1.0679271531101042,E03_HIDDEN_VULNERABILITY
1006,0,1.5,1.0,1.0,0.6959059989061341,1.9833333333333334,1.0,1.0679239332239467,E03_HIDDEN_VULNERABILITY
1006,0,2.0,0.875,1.0,0.6195903181203892,1.8604166666666666,1.0,0.9980006984787055,E03_HIDDEN_VULNERABILITY
1007,T,0.5,1.0,1.0,0.9926575413029022,1.9833333333333334,1.0,1.0975990874636237,E03_HIDDEN_VULNERABILITY
1007,T,0.75,1.0,1.0,0.9928393926837625,1.9833333333333334,1.0,1.0976172726017097,E03_HIDDEN_VULNERABILITY
1007,T,1.0,1.0,1.0,0.9903274262940003,1.9833333333333334,1.0,1.0973660759627333,E03_HIDDEN_VULNERABILITY
1007,T,1.5,1.0,1.0,0.9931905780716836,1.9833333333333334,1.0,1.0976523911405016,E03_HIDDEN_VULNERABILITY
1007,T,2.0,0.875,1.0,0.9424528820581528,1.8604166666666666,1.0,1.030286954872482,E03_HIDDEN_VULNERABILITY
1007,C,0.5,1.0,1.0,0.9872716403236419,1.9833333333333334,1.0,1.0970604973656974,E03_HIDDEN_VULNERABILITY
1007,C,0.75,1.0,1.0,0.9871439480346276,1.9833333333333334,1.0,1.097047728136796,E03_HIDDEN_VULNERABILITY
1007,C,1.0,1.0,1.0,0.9883444814184948,1.9833333333333334,1.0,1.0971677814751828,E03_HIDDEN_VULNERABILITY
1007,C,1.5,1.0,1.0,0.9869402835395225,1.9833333333333334,1.0,1.0970273616872857,E03_HIDDEN_VULNERABILITY
1007,C,2.0,1.0,1.0,0.9871350232590868,1.9833333333333334,1.0,1.097046835659242,E03_HIDDEN_VULNERABILITY
1007,0,0.5,1.0,1.0,0.9444604870404447,1.9833333333333334,1.0,1.092779382037378,E03_HIDDEN_VULNERABILITY
1007,0,0.75,1.0,1.0,0.938972287499179,1.9833333333333334,1.0,1.0922305620832513,E03_HIDDEN_VULNERABILITY
1007,0,1.0,1.0,1.0,0.9446681016643405,1.9833333333333334,1.0,1.0928001434997674,E03_HIDDEN_VULNERABILITY
1007,0,1.5,1.0,1.0,0.9419819647810288,1.9833333333333334,1.0,1.0925315298114362,E03_HIDDEN_VULNERABILITY
1007,0,2.0,1.0,1.0,0.944682999416913,1.9833333333333334,1.0,1.0928016332750246,E03_HIDDEN_VULNERABILITY
1008,T,0.5,1.0,1.0,0.9728266774638378,1.9833333333333334,1.0,1.0956160010797171,E03_HIDDEN_VULNERABILITY
1008,T,0.75,1.0,1.0,0.9719965084513723,1.98125,1.0,1.0953246508451373,E03_HIDDEN_VULNERABILITY
1008,T,1.0,1.0,1.0,0.9710723165352743,1.9833333333333334,1.0,1.0954405649868608,E03_HIDDEN_VULNERABILITY
1008,T,1.5,1.0,1.0,0.9734475076335459,1.9833333333333334,1.0,1.095678084096688,E03_HIDDEN_VULNERABILITY
1008,T,2.0,1.0,1.0,0.9739803220415513,1.9833333333333334,1.0,1.0957313655374885,E03_HIDDEN_VULNERABILITY
1008,C,0.5,1.0,1.0,0.9861981380677547,1.9833333333333334,1.0,1.0969531471401088,E03_HIDDEN_VULNERABILITY
1008,C,0.75,1.0,1.0,0.9880131009808025,1.9833333333333334,1.0,1.0971346434314135,E03_HIDDEN_VULNERABILITY
1008,C,1.0,1.0,1.0,0.9930877073380058,1.9833333333333334,1.0,1.097642104067134,E03_HIDDEN_VULNERABILITY
1008,C,1.5,1.0,1.0,0.9886511496435357,1.9833333333333334,1.0,1.0971984482976869,E03_HIDDEN_VULNERABILITY
1008,C,2.0,1.0,1.0,0.9856099118331082,1.9833333333333334,1.0,1.0968943245166443,E03_HIDDEN_VULNERABILITY
1008,0,0.5,0.875,1.0,0.9744099012178858,1.8604166666666666,1.0,1.0334826567884554,E03_HIDDEN_VULNERABILITY
1008,0,0.75,1.0,1.0,0.9819614212519157,1.9833333333333334,1.0,1.0965294754585249,E03_HIDDEN_VULNERABILITY
1008,0,1.0,1.0,1.0,0.9786312914106503,1.9833333333333334,1.0,1.0961964624743983,E03_HIDDEN_VULNERABILITY
1008,0,1.5,1.0,1.0,0.9778181780124511,1.9833333333333334,1.0,1.0961151511345784,E03_HIDDEN_VULNERABILITY
1008,0,2.0,1.0,1.0,0.980303053748678,1.9833333333333334,1.0,1.0963636387082012,E03_HIDDEN_VULNERABILITY
1009,T,0.5,1.0,1.0,0.9876492680597629,1.9833333333333334,1.0,1.0970982601393096,E03_HIDDEN_VULNERABILITY
1009,T,0.75,1.0,1.0,0.9879268291215415,1.9833333333333334,1.0,1.0971260162454874,E03_HIDDEN_VULNERABILITY
1009,T,1.0,1.0,1.0,0.9858486161503868,1.9833333333333334,1.0,1.096918194948372,E03_HIDDEN_VULNERABILITY
1009,T,1.5,1.0,1.0,0.9851196756141447,1.9833333333333334,1.0,1.0968453008947479,E03_HIDDEN_VULNERABILITY
1009,T,2.0,1.0,1.0,0.9896262542670177,1.9833333333333334,1.0,1.097295958760035,E03_HIDDEN_VULNERABILITY
1009,C,0.5,0.875,1.0,0.9903644297474736,1.8604166666666666,1.0,1.0350781096414141,E03_HIDDEN_VULNERABILITY
1009,C,0.75,1.0,1.0,0.9898898975685357,1.9833333333333334,1.0,1.097322323090187,E03_HIDDEN_VULNERABILITY
1009,C,1.0,1.0,1.0,0.988873182313557,1.9833333333333334,1.0,1.097220651564689,E03_HIDDEN_VULNERABILITY
1009,C,1.5,1.0,1.0,0.9881321966499497,1.9833333333333334,1.0,1.0971465529983284,E03_HIDDEN_VULNERABILITY
1009,C,2.0,1.0,1.0,0.989937597730805,1.9833333333333334,1.0,1.0973270931064139,E03_HIDDEN_VULNERABILITY
1009,0,0.5,1.0,1.0,0.9737218311135165,1.9833333333333334,1.0,1.095705516444685,E03_HIDDEN_VULNERABILITY
1009,0,0.75,1.0,1.0,0.9677741159946823,1.9833333333333334,1.0,1.0951107449328017,E03_HIDDEN_VULNERABILITY
1009,0,1.0,1.0,1.0,0.9691258309881389,1.9833333333333334,1.0,1.0952459164321473,E03_HIDDEN_VULNERABILITY
1009,0,1.5,0.875,1.0,0.6191355912627533,1.8604166666666666,1.0,0.997955225792942,E03_HIDDEN_VULNERABILITY
1009,0,2.0,1.0,1.0,0.9710842155801959,1.9833333333333334,1.0,1.0954417548913529,E03_HIDDEN_VULNERABILITY
1010,T,0.5,1.0,1.0,0.6582036126878219,1.9833333333333334,1.0,1.0641536946021155,E03_HIDDEN_VULNERABILITY
1010,T,0.75,1.0,1.0,0.6593792551301546,1.9833333333333334,1.0,1.0642712588463488,E03_HIDDEN_VULNERABILITY
1010,T,1.0,1.0,1.0,0.6301657551612116,1.975,1.0,1.0605165755161212,E03_HIDDEN_VULNERABILITY
1010,T,1.5,1.0,1.0,0.6427942831170315,1.9833333333333334,1.0,1.0626127616450365,E03_HIDDEN_VULNERABILITY
1010,T,2.0,1.0,1.0,0.6557639496689706,1.9833333333333334,1.0,1.0639097283002303,E03_HIDDEN_VULNERABILITY
1010,C,0.5,1.0,1.0,0.6529456207540832,1.9833333333333334,1.0,1.0636278954087417,E03_HIDDEN_VULNERABILITY
1010,C,0.75,1.0,1.0,0.6865575290596388,1.9833333333333334,1.0,1.0669890862392972,E03_HIDDEN_VULNERABILITY
1010,C,1.0,1.0,1.0,0.6579857603070667,1.9833333333333334,1.0,1.06413190936404,E03_HIDDEN_VULNERABILITY
1010,C,1.5,1.0,1.0,0.6684492464608873,1.9833333333333334,1.0,1.065178257979422,E03_HIDDEN_VULNERABILITY
1010,C,2.0,1.0,1.0,0.6464779499627099,1.9833333333333334,1.0,1.0629811283296045,E03_HIDDEN_VULNERABILITY
1010,0,0.5,1.0,1.0,0.6247094223950047,1.9833333333333334,1.0,1.0608042755728337,E03_HIDDEN_VULNERABILITY
1010,0,0.75,1.0,1.0,0.6079857644550836,1.9833333333333334,1.0,1.0591319097788416,E03_HIDDEN_VULNERABILITY
1010,0,1.0,1.0,1.0,0.6217755195441319,1.9833333333333334,1.0,1.0605108852877465,E03_HIDDEN_VULNERABILITY
1010,0,1.5,1.0,1.0,0.6145926929397362,1.9833333333333334,1.0,1.059792602627307,E03_HIDDEN_VULNERABILITY
1010,0,2.0,0.875,1.0,0.6205797860793427,1.8604166666666666,1.0,0.9980996452746009,E03_HIDDEN_VULNERABILITY
1011,T,0.5,1.0,1.0,0.9805378888639049,1.9833333333333334,1.0,1.096387122219724,E03_HIDDEN_VULNERABILITY
1011,T,0.75,1.0,1.0,0.9779106635812955,1.9833333333333334,1.0,1.096124399691463,E03_HIDDEN_VULNERABILITY
1011,T,1.0,1.0,1.0,0.9807754191811022,1.9833333333333334,1.0,1.0964108752514437,E03_HIDDEN_VULNERABILITY
1011,T,1.5,1.0,1.0,0.9804912233441938,1.9833333333333334,1.0,1.0963824556677528,E03_HIDDEN_VULNERABILITY
1011,T,2.0,1.0,1.0,0.9786651443745505,1.9833333333333334,1.0,1.0961998477707884,E03_HIDDEN_VULNERABILITY
1011,C,0.5,1.0,1.0,0.9864118817593323,1.9833333333333334,1.0,1.0969745215092666,E03_HIDDEN_VULNERABILITY
1011,C,0.75,1.0,1.0,0.9885293141892122,1.9833333333333334,1.0,1.0971862647522546,E03_HIDDEN_VULNERABILITY
1011,C,1.0,1.0,1.0,0.9847628638463467,1.9833333333333334,1.0,1.096809619717968,E03_HIDDEN_VULNERABILITY
1011,C,1.5,1.0,1.0,0.9858250014094172,1.9833333333333334,1.0,1.096915833474275,E03_HIDDEN_VULNERABILITY
1011,C,2.0,1.0,1.0,0.985851064378534,1.9833333333333334,1.0,1.0969184397711869,E03_HIDDEN_VULNERABILITY
1011,0,0.5,1.0,1.0,0.9927932280864604,1.9833333333333334,1.0,1.0976126561419794,E03_HIDDEN_VULNERABILITY
1011,0,0.75,1.0,1.0,0.9919424645348289,1.9833333333333334,1.0,1.0975275797868163,E03_HIDDEN_VULNERABILITY
1011,0,1.0,1.0,1.0,0.9856833765348755,1.9833333333333334,1.0,1.096901670986821,E03_HIDDEN_VULNERABILITY
1011,0,1.5,1.0,1.0,0.9927205066467372,1.9833333333333334,1.0,1.0976053839980071,E03_HIDDEN_VULNERABILITY
1011,0,2.0,1.0,1.0,0.9883857376219396,1.9833333333333334,1.0,1.0971719070955273,E03_HIDDEN_VULNERABILITY
1012,T,0.5,1.0,1.0,0.980496650005509,1.9833333333333334,1.0,1.0963829983338842,E03_HIDDEN_VULNERABILITY
1012,T,0.75,1.0,1.0,0.9803075767684861,1.9833333333333334,1.0,1.096364091010182,E03_HIDDEN_VULNERABILITY
1012,T,1.0,1.0,1.0,0.9789597583687332,1.9833333333333334,1.0,1.0962293091702067,E03_HIDDEN_VULNERABILITY
1012,T,1.5,1.0,1.0,0.9784586576790737,1.9833333333333334,1.0,1.0961791991012406,E03_HIDDEN_VULNERABILITY
1012,T,2.0,1.0,1.0,0.9795759457216925,1.9833333333333334,1.0,1.0962909279055026,E03_HIDDEN_VULNERABILITY
1012,C,0.5,1.0,1.0,0.9773470314914607,1.9520833333333334,1.0,1.0929430364824795,E03_HIDDEN_VULNERABILITY
1012,C,0.75,1.0,1.0,0.9790843380278381,1.9833333333333334,1.0,1.096241767136117,E03_HIDDEN_VULNERABILITY
1012,C,1.0,1.0,1.0,0.9789621090839853,1.9833333333333334,1.0,1.0962295442417318,E03_HIDDEN_VULNERABILITY
1012,C,1.5,1.0,1.0,0.9800606888785706,1.9833333333333334,1.0,1.0963394022211903,E03_HIDDEN_VULNERABILITY
1012,C,2.0,1.0,1.0,0.9789603894293861,1.9833333333333334,1.0,1.096229372276272,E03_HIDDEN_VULNERABILITY
1012,0,0.5,1.0,1.0,0.977209533800308,1.9833333333333334,1.0,1.0960542867133642,E03_HIDDEN_VULNERABILITY
1012,0,0.75,1.0,1.0,0.9799291372632586,1.9833333333333334,1.0,1.0963262470596593,E03_HIDDEN_VULNERABILITY
1012,0,1.0,1.0,1.0,0.972597475822202,1.9833333333333334,1.0,1.0955930809155536,E03_HIDDEN_VULNERABILITY
1012,0,1.5,1.0,1.0,0.9783550195331082,1.9833333333333334,1.0,1.096168835286644,E03_HIDDEN_VULNERABILITY
1012,0,2.0,1.0,1.0,0.9794551873168117,1.9833333333333334,1.0,1.0962788520650146,E03_HIDDEN_VULNERABILITY
1013,T,0.5,1.0,1.0,0.8562031471034388,1.9833333333333334,1.0,1.0839536480436773,E03_HIDDEN_VULNERABILITY
1013,T,0.75,1.0,1.0,0.8620633384133867,1.9833333333333334,1.0,1.084539667174672,E03_HIDDEN_VULNERABILITY
1013,T,1.0,1.0,1.0,0.8566886880371083,1.9833333333333334,1.0,1.0840022021370441,E03_HIDDEN_VULNERABILITY
1013,T,1.5,1.0,1.0,0.8536458022085968,1.9833333333333334,1.0,1.083697913554193,E03_HIDDEN_VULNERABILITY
1013,T,2.0,1.0,1.0,0.8606797917445025,1.9833333333333334,1.0,1.0844013125077836,E03_HIDDEN_VULNERABILITY
1013,C,0.5,1.0,1.0,0.8361935267827716,1.9833333333333334,1.0,1.0819526860116104,E03_HIDDEN_VULNERABILITY
1013,C,0.75,1.0,1.0,0.8359733775730899,1.9833333333333334,1.0,1.0819306710906424,E03_HIDDEN_VULNERABILITY
1013,C,1.0,1.0,1.0,0.8460559403326465,1.9833333333333334,1.0,1.082938927366598,E03_HIDDEN_VULNERABILITY
1013,C,1.5,1.0,1.0,0.8400112166256446,1.9833333333333334,1.0,1.0823344549958978,E03_HIDDEN_VULNERABILITY
1013,C,2.0,1.0,1.0,0.8485083522412925,1.9833333333333334,1.0,1.0831841685574626,E03_HIDDEN_VULNERABILITY
1013,0,0.5,1.0,1.0,0.855271465659967,1.9833333333333334,1.0,1.08386047989933,E03_HIDDEN_VULNERABILITY
1013,0,0.75,1.0,1.0,0.8567148677049322,1.9833333333333334,1.0,1.0840048201038266,E03_HIDDEN_VULNERABILITY
1013,0,1.0,1.0,1.0,0.8542192665869259,1.9833333333333334,1.0,1.083755259992026,E03_HIDDEN_VULNERABILITY
1013,0,1.5,1.0,1.0,0.8546203675723174,1.9833333333333334,1.0,1.0837953700905651,E03_HIDDEN_VULNERABILITY
1013,0,2.0,1.0,1.0,0.8487454542067132,1.9833333333333334,1.0,1.0832078787540047,E03_HIDDEN_VULNERABILITY
1014,T,0.5,1.0,1.0,0.9813751303245959,1.9833333333333334,1.0,1.0964708463657928,E03_HIDDEN_VULNERABILITY
1014,T,0.75,0.875,1.0,0.9855173168767258,1.8604166666666666,1.0,1.0345933983543394,E03_HIDDEN_VULNERABILITY
1014,T,1.0,1.0,1.0,0.9832765470264108,1.9833333333333334,1.0,1.0966609880359743,E03_HIDDEN_VULNERABILITY
1014,T,1.5,1.0,1.0,0.984499900962735,1.9833333333333334,1.0,1.096783323429607,E03_HIDDEN_VULNERABILITY
1014,T,2.0,1.0,1.0,0.9800169915646925,1.9833333333333334,1.0,1.0963350324898027,E03_HIDDEN_VULNERABILITY
1014,C,0.5,1.0,1.0,0.9908577897937886,1.9833333333333334,1.0,1.0974191123127122,E03_HIDDEN_VULNERABILITY
1014,C,0.75,1.0,1.0,0.9918593502834429,1.9833333333333334,1.0,1.0975192683616777,E03_HIDDEN_VULNERABILITY
1014,C,1.0,1.0,1.0,0.9902863191163771,1.9833333333333334,1.0,1.097361965244971,E03_HIDDEN_VULNERABILITY
1014,C,1.5,1.0,1.0,0.9920210092505822,1.9833333333333334,1.0,1.0975354342583916,E03_HIDDEN_VULNERABILITY
1014,C,2.0,1.0,1.0,0.9917384523054777,1.9833333333333334,1.0,1.097507178563881,E03_HIDDEN_VULNERABILITY
1014,0,0.5,1.0,1.0,0.9631147722360347,1.9833333333333334,1.0,1.0946448105569369,E03_HIDDEN_VULNERABILITY
1014,0,0.75,1.0,1.0,0.966721160599749,1.9833333333333334,1.0,1.0950054493933083,E03_HIDDEN_VULNERABILITY
1014,0,1.0,1.0,1.0,0.96103616498466,1.9833333333333334,1.0,1.0944369498317994,E03_HIDDEN_VULNERABILITY
1014,0,1.5,1.0,1.0,0.9665455862004604,1.9833333333333334,1.0,1.0949878919533793,E03_HIDDEN_VULNERABILITY
1014,0,2.0,1.0,1.0,0.9667564375763705,1.9833333333333334,1.0,1.0950089770909703,E03_HIDDEN_VULNERABILITY
1015,T,0.5,1.0,1.0,0.9570404285707597,1.9833333333333334,1.0,1.0940373761904094,E03_HIDDEN_VULNERABILITY
1015,T,0.75,1.0,1.0,0.9578241462705634,1.9833333333333334,1.0,1.0941157479603898,E03_HIDDEN_VULNERABILITY
1015,T,1.0,1.0,1.0,0.958697963210689,1.9833333333333334,1.0,1.0942031296544024,E03_HIDDEN_VULNERABILITY
1015,T,1.5,1.0,1.0,0.9538696220783517,1.9833333333333334,1.0,1.0937202955411685,E03_HIDDEN_VULNERABILITY
1015,T,2.0,1.0,1.0,0.9584737912220381,1.9833333333333334,1.0,1.0941807124555372,E03_HIDDEN_VULNERABILITY
1015,C,0.5,1.0,1.0,0.9738678361166924,1.9833333333333334,1.0,1.0957201169450026,E03_HIDDEN_VULNERABILITY
1015,C,0.75,0.875,1.0,0.9766838493117592,1.8604166666666666,1.0,1.0337100515978426,E03_HIDDEN_VULNERABILITY
1015,C,1.0,1.0,1.0,0.9754442287120021,1.9833333333333334,1.0,1.0958777562045336,E03_HIDDEN_VULNERABILITY
1015,C,1.5,1.0,1.0,0.9752325613379719,1.9833333333333334,1.0,1.0958565894671306,E03_HIDDEN_VULNERABILITY
1015,C,2.0,1.0,1.0,0.9752703465857245,1.9833333333333334,1.0,1.095860367991906,E03_HIDDEN_VULNERABILITY
1015,0,0.5,1.0,1.0,0.9778683375996484,1.9833333333333334,1.0,1.0961201670932983,E03_HIDDEN_VULNERABILITY
1015,0,0.75,1.0,1.0,0.9782282188177257,1.9833333333333334,1.0,1.096156155215106,E03_HIDDEN_VULNERABILITY
1015,0,1.0,1.0,1.0,0.9799580595532413,1.9833333333333334,1.0,1.0963291392886574,E03_HIDDEN_VULNERABILITY
1015,0,1.5,1.0,1.0,0.9819120840068151,1.9833333333333334,1.0,1.0965245417340148,E03_HIDDEN_VULNERABILITY
1015,0,2.0,1.0,1.0,0.9799416386800078,1.9833333333333334,1.0,1.0963274972013342,E03_HIDDEN_VULNERABILITY
1016,T,0.5,1.0,1.0,0.7892257706976117,1.9833333333333334,1.0,1.0772559104030945,E03_HIDDEN_VULNERABILITY
1016,T,0.75,1.0,1.0,0.7884029809795374,1.9833333333333334,1.0,1.0771736314312872,E03_HIDDEN_VULNERABILITY
1016,T,1.0,1.0,1.0,0.7879490229593524,1.9833333333333334,1.0,1.0771282356292686,E03_HIDDEN_VULNERABILITY
1016,T,1.5,1.0,1.0,0.7879777806158369,1.9833333333333334,1.0,1.0771311113949171,E03_HIDDEN_VULNERABILITY
1016,T,2.0,1.0,1.0,0.7870643294728349,1.9833333333333334,1.0,1.0770397662806168,E03_HIDDEN_VULNERABILITY
1016,C,0.5,1.0,1.0,0.7961957945796118,1.9833333333333334,1.0,1.0779529127912946,E03_HIDDEN_VULNERABILITY
1016,C,0.75,1.0,1.0,0.7947716464902366,1.9833333333333334,1.0,1.077810497982357,E03_HIDDEN_VULNERABILITY
1016,C,1.0,1.0,1.0,0.7976440647238955,1.9833333333333334,1.0,1.078097739805723,E03_HIDDEN_VULNERABILITY
1016,C,1.5,1.0,1.0,0.7959769902434721,1.9833333333333334,1.0,1.0779310323576805,E03_HIDDEN_VULNERABILITY
1016,C,2.0,1.0,1.0,0.7990493080919933,1.9833333333333334,1.0,1.0782382641425328,E03_HIDDEN_VULNERABILITY
1016,0,0.5,1.0,1.0,0.7827920736201991,1.9833333333333334,1.0,1.0766125406953533,E03_HIDDEN_VULNERABILITY
1016,0,0.75,1.0,1.0,0.7822949812428619,1.9833333333333334,1.0,1.0765628314576194,E03_HIDDEN_VULNERABILITY
1016,0,1.0,1.0,1.0,0.7831737645453973,1.9833333333333334,1.0,1.076650709787873,E03_HIDDEN_VULNERABILITY
1016,0,1.5,1.0,1.0,0.7812248546562549,1.9833333333333334,1.0,1.0764558187989588,E03_HIDDEN_VULNERABILITY
1016,0,2.0,1.0,1.0,0.7815693237605095,1.9833333333333334,1.0,1.0764902657093842,E03_HIDDEN_VULNERABILITY
1017,T,0.5,1.0,1.0,0.9243917399586858,1.9833333333333334,1.0,1.0907725073292018,E03_HIDDEN_VULNERABILITY
1017,T,0.75,1.0,1.0,0.9239571213329474,1.9833333333333334,1.0,1.090729045466628,E03_HIDDEN_VULNERABILITY
1017,T,1.0,1.0,1.0,0.9246306722970354,1.9833333333333334,1.0,1.0907964005630368,E03_HIDDEN_VULNERABILITY
1017,T,1.5,1.0,1.0,0.9241644306953597,1.9833333333333334,1.0,1.0907497764028693,E03_HIDDEN_VULNERABILITY
1017,T,2.0,1.0,1.0,0.9250050419006601,1.9833333333333334,1.0,1.0908338375233995,E03_HIDDEN_VULNERABILITY
1017,C,0.5,1.0,1.0,0.923267438964368,1.9833333333333334,1.0,1.09066007722977,E03_HIDDEN_VULNERABILITY
1017,C,0.75,1.0,1.0,0.9206205143506123,1.9833333333333334,1.0,1.0903953847683945,E03_HIDDEN_VULNERABILITY
1017,C,1.0,0.875,1.0,0.9107638894231836,1.8604166666666666,1.0,1.0271180556089852,E03_HIDDEN_VULNERABILITY
1017,C,1.5,1.0,1.0,0.9191735103022627,1.9833333333333334,1.0,1.0902506843635595,E03_HIDDEN_VULNERABILITY
1017,C,2.0,1.0,1.0,0.9226378949000077,1.9833333333333334,1.0,1.0905971228233342,E03_HIDDEN_VULNERABILITY
1017,0,0.5,0.875,1.0,0.9094184555168061,1.8604166666666666,1.0,1.0269835122183473,E03_HIDDEN_VULNERABILITY
1017,0,0.75,1.0,1.0,0.9123706621165539,1.9833333333333334,1.0,1.0895703995449888,E03_HIDDEN_VULNERABILITY
1017,0,1.0,1.0,1.0,0.918424786792164,1.9729166666666667,1.0,1.089134145345883,E03_HIDDEN_VULNERABILITY
1017,0,1.5,1.0,1.0,0.9169809581631232,1.9833333333333334,1.0,1.0900314291496456,E03_HIDDEN_VULNERABILITY
1017,0,2.0,0.875,1.0,0.8999062947048736,1.8604166666666666,1.0,1.0260322961371542,E03_HIDDEN_VULNERABILITY
1018,T,0.5,1.0,1.0,0.9380112454374404,1.9833333333333334,1.0,1.0921344578770773,E03_HIDDEN_VULNERABILITY
1018,T,0.75,1.0,1.0,0.9433607023617687,1.9833333333333334,1.0,1.0926694035695101,E03_HIDDEN_VULNERABILITY
1018,T,1.0,1.0,1.0,0.9422353229751069,1.9833333333333334,1.0,1.092556865630844,E03_HIDDEN_VULNERABILITY
1018,T,1.5,1.0,1.0,0.9392138580840268,1.9833333333333334,1.0,1.092254719141736,E03_HIDDEN_VULNERABILITY
1018,T,2.0,1.0,1.0,0.94707821484839,1.9833333333333334,1.0,1.0930411548181724,E03_HIDDEN_VULNERABILITY
1018,C,0.5,1.0,1.0,0.9485748222360219,1.9833333333333334,1.0,1.0931908155569356,E03_HIDDEN_VULNERABILITY
1018,C,0.75,1.0,1.0,0.9505423649150619,1.9833333333333334,1.0,1.0933875698248396,E03_HIDDEN_VULNERABILITY
1018,C,1.0,1.0,1.0,0.9536371587265786,1.9833333333333334,1.0,1.0936970492059912,E03_HIDDEN_VULNERABILITY
1018,C,1.5,1.0,1.0,0.9485072573889596,1.9833333333333334,1.0,1.0931840590722293,E03_HIDDEN_VULNERABILITY
1018,C,2.0,1.0,1.0,0.9501973875276105,1.9833333333333334,1.0,1.0933530720860944,E03_HIDDEN_VULNERABILITY
1018,0,0.5,1.0,1.0,0.9971830586454801,1.9833333333333334,1.0,1.0980516391978814,E03_HIDDEN_VULNERABILITY
1018,0,0.75,1.0,1.0,0.9964771361324686,1.9833333333333334,1.0,1.0979810469465803,E03_HIDDEN_VULNERABILITY
1018,0,1.0,1.0,1.0,0.996507850158275,1.9833333333333334,1.0,1.0979841183491608,E03_HIDDEN_VULNERABILITY
1018,0,1.5,1.0,1.0,0.9971994796004391,1.9833333333333334,1.0,1.0980532812933772,E03_HIDDEN_VULNERABILITY
1018,0,2.0,1.0,1.0,0.9966872163156386,1.9666666666666668,1.0,1.0963353882982305,E03_HIDDEN_VULNERABILITY
1019,T,0.5,1.0,1.0,0.9796272069938112,1.9833333333333334,1.0,1.0962960540327145,E03_HIDDEN_VULNERABILITY
1019,T,0.75,1.0,1.0,0.9796381159222549,1.9833333333333334,1.0,1.0962971449255587,E03_HIDDEN_VULNERABILITY
1019,T,1.0,1.0,1.0,0.97970696018865,1.9833333333333334,1.0,1.0963040293521984,E03_HIDDEN_VULNERABILITY
1019,T,1.5,1.0,1.0,0.9791974045691629,1.9833333333333334,1.0,1.0962530737902496,E03_HIDDEN_VULNERABILITY
1019,T,2.0,1.0,1.0,0.9790607937877216,1.9833333333333334,1.0,1.0962394127121056,E03_HIDDEN_VULNERABILITY
1019,C,0.5,1.0,1.0,0.9883219686584288,1.9833333333333334,1.0,1.0971655301991763,E03_HIDDEN_VULNERABILITY
1019,C,0.75,1.0,1.0,0.986271006630588,1.9833333333333334,1.0,1.096960433996392,E03_HIDDEN_VULNERABILITY
1019,C,1.0,1.0,1.0,0.9865389566993654,1.9833333333333334,1.0,1.0969872290032698,E03_HIDDEN_VULNERABILITY
1019,C,1.5,1.0,1.0,0.9871201289278699,1.9833333333333334,1.0,1.0970453462261203,E03_HIDDEN_VULNERABILITY
1019,C,2.0,1.0,1.0,0.9861242280297352,1.9833333333333334,1.0,1.096945756136307,E03_HIDDEN_VULNERABILITY
1019,0,0.5,1.0,1.0,0.9921723237194999,1.9833333333333334,1.0,1.0975505657052833,E03_HIDDEN_VULNERABILITY
1019,0,0.75,1.0,1.0,0.992256431407937,1.9833333333333334,1.0,1.0975589764741271,E03_HIDDEN_VULNERABILITY
1019,0,1.0,1.0,1.0,0.9915421175337156,1.9833333333333334,1.0,1.097487545086705,E03_HIDDEN_VULNERABILITY
1019,0,1.5,1.0,1.0,0.9943614406396638,1.9833333333333334,1.0,1.0977694773972997,E03_HIDDEN_VULNERABILITY
1019,0,2.0,1.0,1.0,0.9901289396378856,1.9833333333333334,1.0,1.097346227297122,E03_HIDDEN_VULNERABILITY
1020,T,0.5,1.0,1.0,0.700628511513297,1.9833333333333334,1.0,1.068396184484663,E03_HIDDEN_VULNERABILITY
1020,T,0.75,1.0,1.0,0.6993950809054853,1.9833333333333334,1.0,1.0682728414238818,E03_HIDDEN_VULNERABILITY
1020,T,1.0,1.0,1.0,0.701827918810699,1.9833333333333334,1.0,1.0685161252144033,E03_HIDDEN_VULNERABILITY
1020,T,1.5,1.0,1.0,0.7128060101005014,1.96875,1.0,1.0681556010100501,E03_HIDDEN_VULNERABILITY
1020,T,2.0,1.0,1.0,0.6969522864574894,1.9833333333333334,1.0,1.0680285619790824,E03_HIDDEN_VULNERABILITY
1020,C,0.5,1.0,1.0,0.7193166767088103,1.9833333333333334,1.0,1.0702650010042143,E03_HIDDEN_VULNERABILITY
1020,C,0.75,1.0,1.0,0.7046323632618133,1.9833333333333334,1.0,1.0687965696595148,E03_HIDDEN_VULNERABILITY
1020,C,1.0,1.0,1.0,0.7138748261686183,1.9833333333333334,1.0,1.0697208159501952,E03_HIDDEN_VULNERABILITY
1020,C,1.5,1.0,1.0,0.7150302345735196,1.9833333333333334,1.0,1.0698363567906852,E03_HIDDEN_VULNERABILITY
1020,C,2.0,1.0,1.0,0.7192119745306113,1.9833333333333334,1.0,1.0702545307863944,E03_HIDDEN_VULNERABILITY
1020,0,0.5,1.0,1.0,0.7162552449927667,1.9833333333333334,1.0,1.06995885783261,E03_HIDDEN_VULNERABILITY
1020,0,0.75,1.0,1.0,0.7161707320995759,1.9833333333333334,1.0,1.069950406543291,E03_HIDDEN_VULNERABILITY
1020,0,1.0,1.0,1.0,0.7046441187315541,1.9833333333333334,1.0,1.0687977452064887,E03_HIDDEN_VULNERABILITY
1020,0,1.5,1.0,1.0,0.719047329230574,1.9833333333333334,1.0,1.0702380662563908,E03_HIDDEN_VULNERABILITY
1020,0,2.0,1.0,1.0,0.7124155104737981,1.9833333333333334,1.0,1.0695748843807131,E03_HIDDEN_VULNERABILITY
1021,T,0.5,1.0,1.0,0.9121502584206341,1.9833333333333334,1.0,1.0895483591753967,E03_HIDDEN_VULNERABILITY
1021,T,0.75,1.0,1.0,0.9125959779363262,1.9833333333333334,1.0,1.0895929311269659,E03_HIDDEN_VULNERABILITY
1021,T,1.0,1.0,1.0,0.911302453274639,1.9833333333333334,1.0,1.0894635786607973,E03_HIDDEN_VULNERABILITY
1021,T,1.5,1.0,1.0,0.9101653617993071,1.9833333333333334,1.0,1.089349869513264,E03_HIDDEN_VULNERABILITY
1021,T,2.0,1.0,1.0,0.9115571512457015,1.9833333333333334,1.0,1.0894890484579034,E03_HIDDEN_VULNERABILITY
1021,C,0.5,1.0,1.0,0.9167467619317785,1.9833333333333334,1.0,1.0900080095265112,E03_HIDDEN_VULNERABILITY
1021,C,0.75,1.0,1.0,0.9151827605982812,1.9833333333333334,1.0,1.0898516093931614,E03_HIDDEN_VULNERABILITY
1021,C,1.0,1.0,1.0,0.9184519357542283,1.9833333333333334,1.0,1.0901785269087563,E03_HIDDEN_VULNERABILITY
1021,C,1.5,1.0,1.0,0.9171894371126627,1.9833333333333334,1.0,1.0900522770445997,E03_HIDDEN_VULNERABILITY
1021,C,2.0,1.0,1.0,0.9157271538913928,1.9833333333333334,1.0,1.0899060487224725,E03_HIDDEN_VULNERABILITY
1021,0,0.5,1.0,1.0,0.8885141341135204,1.9729166666666667,1.0,1.0861430800780187,E03_HIDDEN_VULNERABILITY
1021,0,0.75,1.0,1.0,0.8895773758067093,1.9833333333333334,1.0,1.0872910709140042,E03_HIDDEN_VULNERABILITY
1021,0,1.0,0.875,1.0,0.849990589414087,1.8604166666666666,1.0,1.0210407256080754,E03_HIDDEN_VULNERABILITY
1021,0,1.5,1.0,1.0,0.894265425556377,1.9833333333333334,1.0,1.087759875888971,E03_HIDDEN_VULNERABILITY
1021,0,2.0,1.0,1.0,0.8916619098782479,1.9833333333333334,1.0,1.087499524321158,E03_HIDDEN_VULNERABILITY
1022,T,0.5,1.0,1.0,0.6955199891695181,1.9833333333333334,1.0,1.0678853322502853,E03_HIDDEN_VULNERABILITY
1022,T,0.75,1.0,1.0,0.6959503699311953,1.9833333333333334,1.0,1.0679283703264528,E03_HIDDEN_VULNERABILITY
1022,T,1.0,1.0,1.0,0.7014753346042686,1.9833333333333334,1.0,1.0684808667937602,E03_HIDDEN_VULNERABILITY
1022,T,1.5,1.0,1.0,0.6869815113341629,1.9833333333333334,1.0,1.0670314844667497,E03_HIDDEN_VULNERABILITY
1022,T,2.0,1.0,1.0,0.6974085996123612,1.9833333333333334,1.0,1.0680741932945694,E03_HIDDEN_VULNERABILITY
1022,C,0.5,1.0,1.0,0.6879476330599863,1.9833333333333334,1.0,1.067128096639332,E03_HIDDEN_VULNERABILITY
1022,C,0.75,1.0,1.0,0.6883201590752683,1.9833333333333334,1.0,1.0671653492408602,E03_HIDDEN_VULNERABILITY
1022,C,1.0,1.0,1.0,0.7000073661004952,1.9833333333333334,1.0,1.068334069943383,E03_HIDDEN_VULNERABILITY
1022,C,1.5,1.0,1.0,0.6687839426439213,1.9833333333333334,1.0,1.0652117275977255,E03_HIDDEN_VULNERABILITY
1022,C,2.0,1.0,1.0,0.684326386604385,1.9833333333333334,1.0,1.0667659719937719,E03_HIDDEN_VULNERABILITY
1022,0,0.5,1.0,1.0,0.6869849280910733,1.9833333333333334,1.0,1.0670318261424407,E03_HIDDEN_VULNERABILITY
1022,0,0.75,1.0,1.0,0.6946447075697653,1.9833333333333334,1.0,1.0677978040903098,E03_HIDDEN_VULNERABILITY
1022,0,1.0,1.0,1.0,0.6920782897755906,1.9833333333333334,1.0,1.0675411623108924,E03_HIDDEN_VULNERABILITY
1022,0,1.5,1.0,1.0,0.6924745534008815,1.9833333333333334,1.0,1.0675807886734214,E03_HIDDEN_VULNERABILITY
1022,0,2.0,1.0,1.0,0.676480541571888,1.9833333333333334,1.0,1.0659813874905222,E03_HIDDEN_VULNERABILITY
1023,T,0.5,1.0,1.0,0.39644410339850644,1.9833333333333334,1.0,1.037977743673184,E03_HIDDEN_VULNERABILITY
1023,T,0.75,0.875,1.0,0.3479067015237281,1.8604166666666666,1.0,0.9708323368190395,E03_HIDDEN_VULNERABILITY
1023,T,1.0,1.0,1.0,0.39258667005605274,1.9833333333333334,1.0,1.0375920003389387,E03_HIDDEN_VULNERABILITY
1023,T,1.5,1.0,1.0,0.4020609050945649,1.9833333333333334,1.0,1.0385394238427899,E03_HIDDEN_VULNERABILITY
1023,T,2.0,1.0,1.0,0.3867169206129303,1.9833333333333334,1.0,1.0370050253946264,E03_HIDDEN_VULNERABILITY
1023,C,0.5,1.0,1.0,0.39611571122613937,1.9833333333333334,1.0,1.0379449044559472,E03_HIDDEN_VULNERABILITY
1023,C,0.75,1.0,1.0,0.4130181727978628,1.9833333333333334,1.0,1.0396351506131196,E03_HIDDEN_VULNERABILITY
1023,C,1.0,1.0,1.0,0.39776057071379867,1.9833333333333334,1.0,1.0381093904047132,E03_HIDDEN_VULNERABILITY
1023,C,1.5,1.0,1.0,0.40045516352153093,1.9833333333333334,1.0,1.0383788496854864,E03_HIDDEN_VULNERABILITY
1023,C,2.0,1.0,1.0,0.40369594323819746,1.9833333333333334,1.0,1.038702927657153,E03_HIDDEN_VULNERABILITY
1023,0,0.5,1.0,1.0,0.3984346641865772,1.9833333333333334,1.0,1.038176799751991,E03_HIDDEN_VULNERABILITY
1023,0,0.75,1.0,1.0,0.40117613840470884,1.9833333333333334,1.0,1.0384509471738042,E03_HIDDEN_VULNERABILITY
1023,0,1.0,1.0,1.0,0.40471192298305453,1.9833333333333334,1.0,1.0388045256316387,E03_HIDDEN_VULNERABILITY
1023,0,1.5,1.0,1.0,0.3986473703449113,1.9833333333333334,1.0,1.0381980703678244,E03_HIDDEN_VULNERABILITY
1023,0,2.0,1.0,1.0,0.39959706480380913,1.9833333333333334,1.0,1.0382930398137142,E03_HIDDEN_VULNERABILITY
1024,T,0.5,1.0,1.0,0.9926891358986268,1.9833333333333334,1.0,1.097602246923196,E03_HIDDEN_VULNERABILITY
1024,T,0.75,1.0,1.0,0.9932078459199536,1.9833333333333334,1.0,1.0976541179253287,E03_HIDDEN_VULNERABILITY
1024,T,1.0,1.0,1.0,0.9932136058007303,1.9833333333333334,1.0,1.0976546939134064,E03_HIDDEN_VULNERABILITY
1024,T,1.5,1.0,1.0,0.9945250027967169,1.9833333333333334,1.0,1.097785833613005,E03_HIDDEN_VULNERABILITY
1024,T,2.0,1.0,1.0,0.9952862615358015,1.9833333333333334,1.0,1.0978619594869135,E03_HIDDEN_VULNERABILITY
1024,C,0.5,1.0,1.0,0.9859787548301662,1.9833333333333334,1.0,1.0969312088163499,E03_HIDDEN_VULNERABILITY
1024,C,0.75,1.0,1.0,0.9869646918626748,1.9833333333333334,1.0,1.0970298025196008,E03_HIDDEN_VULNERABILITY
1024,C,1.0,1.0,1.0,0.9827840102751719,1.9833333333333334,1.0,1.0966117343608506,E03_HIDDEN_VULNERABILITY
1024,C,1.5,1.0,1.0,0.9834202905891584,1.9833333333333334,1.0,1.0966753623922492,E03_HIDDEN_VULNERABILITY
1024,C,2.0,1.0,1.0,0.9863777822531365,1.9833333333333334,1.0,1.096971111558647,E03_HIDDEN_VULNERABILITY
1024,0,0.5,1.0,1.0,0.9694907068033648,1.9833333333333334,1.0,1.09528240401367,E03_HIDDEN_VULNERABILITY
1024,0,0.75,1.0,1.0,0.9696746241805625,1.9833333333333334,1.0,1.0953007957513896,E03_HIDDEN_VULNERABILITY
1024,0,1.0,1.0,1.0,0.971398561733285,1.9833333333333334,1.0,1.0954731895066618,E03_HIDDEN_VULNERABILITY
1024,0,1.5,1.0,1.0,0.9711640626312479,1.9833333333333334,1.0,1.0954497395964582,E03_HIDDEN_VULNERABILITY
1024,0,2.0,1.0,1.0,0.9716530072724735,1.9833333333333334,1.0,1.0954986340605808,E03_HIDDEN_VULNERABILITY
1025,T,0.5,1.0,1.0,0.8403960929715911,1.9833333333333334,1.0,1.0823729426304924,E03_HIDDEN_VULNERABILITY
1025,T,0.75,1.0,1.0,0.8261529402901627,1.9833333333333334,1.0,1.0809486273623496,E03_HIDDEN_VULNERABILITY
1025,T,1.0,1.0,1.0,0.8478545269765997,1.9833333333333334,1.0,1.0831187860309934,E03_HIDDEN_VULNERABILITY
1025,T,1.5,1.0,1.0,0.8479393356189214,1.9833333333333334,1.0,1.0831272668952254,E03_HIDDEN_VULNERABILITY
1025,T,2.0,1.0,1.0,0.820376917220287,1.9833333333333334,1.0,1.080371025055362,E03_HIDDEN_VULNERABILITY
1025,C,0.5,1.0,1.0,0.7934681099857245,1.9833333333333334,1.0,1.0776801443319057,E03_HIDDEN_VULNERABILITY
1025,C,0.75,1.0,1.0,0.812816477180051,1.9833333333333334,1.0,1.0796149810513385,E03_HIDDEN_VULNERABILITY
1025,C,1.0,1.0,1.0,0.7935309587222688,1.9833333333333334,1.0,1.0776864292055601,E03_HIDDEN_VULNERABILITY
1025,C,1.5,1.0,1.0,0.8018543653395704,1.975,1.0,1.077685436533957,E03_HIDDEN_VULNERABILITY
1025,C,2.0,1.0,1.0,0.8018878252361533,1.9833333333333334,1.0,1.0785221158569487,E03_HIDDEN_VULNERABILITY
1025,0,0.5,0.875,1.0,0.8011821426812397,1.8604166666666666,1.0,1.0161598809347907,E03_HIDDEN_VULNERABILITY
1025,0,0.75,1.0,1.0,0.7896836965214205,1.9833333333333334,1.0,1.0773017029854755,E03_HIDDEN_VULNERABILITY
1025,0,1.0,1.0,1.0,0.8063583559800516,1.9833333333333334,1.0,1.0789691689313385,E03_HIDDEN_VULNERABILITY
1025,0,1.5,0.875,1.0,0.8105935863723512,1.8604166666666666,1.0,1.017101025303902,E03_HIDDEN_VULNERABILITY
1025,0,2.0,1.0,1.0,0.7761558852547821,1.9833333333333334,1.0,1.0759489218588116,E03_HIDDEN_VULNERABILITY
1026,T,0.5,1.0,1.0,0.9679050100883737,1.9833333333333334,1.0,1.0951238343421708,E03_HIDDEN_VULNERABILITY
1026,T,0.75,1.0,1.0,0.9689000953803308,1.9833333333333334,1.0,1.0952233428713665,E03_HIDDEN_VULNERABILITY
1026,T,1.0,1.0,1.0,0.9724722899710898,1.9833333333333334,1.0,1.0955805623304424,E03_HIDDEN_VULNERABILITY
1026,T,1.5,1.0,1.0,0.9709137001565206,1.9833333333333334,1.0,1.0954247033489855,E03_HIDDEN_VULNERABILITY
1026,T,2.0,1.0,1.0,0.9696385396074275,1.9833333333333334,1.0,1.0952971872940762,E03_HIDDEN_VULNERABILITY
1026,C,0.5,1.0,1.0,0.9810517689617955,1.9833333333333334,1.0,1.0964385102295129,E03_HIDDEN_VULNERABILITY
1026,C,0.75,1.0,1.0,0.9827916019901534,1.9833333333333334,1.0,1.0966124935323487,E03_HIDDEN_VULNERABILITY
1026,C,1.0,1.0,1.0,0.9785062756470182,1.9833333333333334,1.0,1.0961839608980353,E03_HIDDEN_VULNERABILITY
1026,C,1.5,1.0,1.0,0.9766694056831832,1.9833333333333334,1.0,1.0960002739016517,E03_HIDDEN_VULNERABILITY
1026,C,2.0,1.0,1.0,0.974385102721931,1.9833333333333334,1.0,1.0957718436055264,E03_HIDDEN_VULNERABILITY
1026,0,0.5,1.0,1.0,0.9849664079468899,1.9833333333333334,1.0,1.0968299741280223,E03_HIDDEN_VULNERABILITY
1026,0,0.75,1.0,1.0,0.9856377601749657,1.9833333333333334,1.0,1.09689710935083,E03_HIDDEN_VULNERABILITY
1026,0,1.0,1.0,1.0,0.9801989708169664,1.9833333333333334,1.0,1.09635323041503,E03_HIDDEN_VULNERABILITY
1026,0,1.5,1.0,1.0,0.9849469549785925,1.9833333333333334,1.0,1.0968280288311927,E03_HIDDEN_VULNERABILITY
1026,0,2.0,1.0,1.0,0.9870692758350075,1.9833333333333334,1.0,1.0970402609168342,E03_HIDDEN_VULNERABILITY
1027,T,0.5,1.0,1.0,0.931062506152043,1.9833333333333334,1.0,1.0914395839485376,E03_HIDDEN_VULNERABILITY
1027,T,0.75,0.875,1.0,0.9159239299422116,1.8604166666666666,1.0,1.027634059660888,E03_HIDDEN_VULNERABILITY
1027,T,1.0,1.0,1.0,0.9268895159274051,1.9833333333333334,1.0,1.0910222849260738,E03_HIDDEN_VULNERABILITY
1027,T,1.5,1.0,1.0,0.9305779559983784,1.9833333333333334,1.0,1.0913911289331713,E03_HIDDEN_VULNERABILITY
1027,T,2.0,1.0,1.0,0.938297227865698,1.9833333333333334,1.0,1.0921630561199032,E03_HIDDEN_VULNERABILITY
1027,C,0.5,1.0,1.0,0.9218179420276521,1.9833333333333334,1.0,1.0905151275360985,E03_HIDDEN_VULNERABILITY
1027,C,0.75,1.0,1.0,0.918452078093829,1.9833333333333334,1.0,1.0901785411427163,E03_HIDDEN_VULNERABILITY
1027,C,1.0,1.0,1.0,0.9243513863977688,1.9833333333333334,1.0,1.0907684719731103,E03_HIDDEN_VULNERABILITY
1027,C,1.5,1.0,1.0,0.9163374308481113,1.9833333333333334,1.0,1.0899670764181444,E03_HIDDEN_VULNERABILITY
1027,C,2.0,1.0,1.0,0.922246383099461,1.9833333333333334,1.0,1.0905579716432794,E03_HIDDEN_VULNERABILITY
1027,0,0.5,1.0,1.0,0.9695799954786815,1.9833333333333334,1.0,1.0952913328812015,E03_HIDDEN_VULNERABILITY
1027,0,0.75,1.0,1.0,0.9662096233112725,1.9833333333333334,1.0,1.0949542956644607,E03_HIDDEN_VULNERABILITY
1027,0,1.0,1.0,1.0,0.9713249871633592,1.9833333333333334,1.0,1.0954658320496693,E03_HIDDEN_VULNERABILITY
1027,0,1.5,1.0,1.0,0.9715564532876213,1.9833333333333334,1.0,1.0954889786620954,E03_HIDDEN_VULNERABILITY
1027,0,2.0,1.0,1.0,0.9726482939679675,1.9833333333333334,1.0,1.09559816273013,E03_HIDDEN_VULNERABILITY
1028,T,0.5,0.875,1.0,0.9479848387812723,1.8604166666666666,1.0,1.030840150544794,E03_HIDDEN_VULNERABILITY
1028,T,0.75,1.0,1.0,0.9789219042647336,1.9833333333333334,1.0,1.0962255237598066,E03_HIDDEN_VULNERABILITY
1028,T,1.0,1.0,1.0,0.975938445050204,1.9833333333333334,1.0,1.0959271778383537,E03_HIDDEN_VULNERABILITY
1028,T,1.5,1.0,1.0,0.9786487177599147,1.9833333333333334,1.0,1.0961982051093249,E03_HIDDEN_VULNERABILITY
1028,T,2.0,1.0,1.0,0.972351313297613,1.9833333333333334,1.0,1.0955684646630948,E03_HIDDEN_VULNERABILITY
1028,C,0.5,1.0,1.0,0.9921238548923087,1.9833333333333334,1.0,1.0975457188225641,E03_HIDDEN_VULNERABILITY
1028,C,0.75,1.0,1.0,0.9905593228573635,1.9833333333333334,1.0,1.0973892656190698,E03_HIDDEN_VULNERABILITY
1028,C,1.0,1.0,1.0,0.9915740379192203,1.9833333333333334,1.0,1.0974907371252554,E03_HIDDEN_VULNERABILITY
1028,C,1.5,1.0,1.0,0.9932682726511071,1.9833333333333334,1.0,1.097660160598444,E03_HIDDEN_VULNERABILITY
1028,C,2.0,1.0,1.0,0.9939305594784925,1.9833333333333334,1.0,1.0977263892811826,E03_HIDDEN_VULNERABILITY
1028,0,0.5,1.0,1.0,0.9883314642023745,1.9833333333333334,1.0,1.0971664797535707,E03_HIDDEN_VULNERABILITY
1028,0,0.75,1.0,1.0,0.9860599480858027,1.9833333333333334,1.0,1.0969393281419135,E03_HIDDEN_VULNERABILITY
1028,0,1.0,1.0,1.0,0.9872027672016773,1.9833333333333334,1.0,1.097053610053501,E03_HIDDEN_VULNERABILITY
1028,0,1.5,1.0,1.0,0.9862480587745964,1.9833333333333334,1.0,1.096958139210793,E03_HIDDEN_VULNERABILITY
1028,0,2.0,1.0,1.0,0.9880734374828626,1.9833333333333334,1.0,1.0971406770816197,E03_HIDDEN_VULNERABILITY
1029,T,0.5,1.0,1.0,0.49955529877840255,1.9833333333333334,1.0,1.0482888632111735,E03_HIDDEN_VULNERABILITY
1029,T,0.75,1.0,1.0,0.4958811027691598,1.9833333333333334,1.0,1.0479214436102493,E03_HIDDEN_VULNERABILITY
1029,T,1.0,1.0,1.0,0.5064048402999961,1.9833333333333334,1.0,1.048973817363333,E03_HIDDEN_VULNERABILITY
1029,T,1.5,1.0,1.0,0.49913088309761866,1.9833333333333334,1.0,1.0482464216430951,E03_HIDDEN_VULNERABILITY
1029,T,2.0,1.0,1.0,0.5048561837290771,1.9833333333333334,1.0,1.0488189517062412,E03_HIDDEN_VULNERABILITY
1029,C,0.5,1.0,1.0,0.5294072695950964,1.9833333333333334,1.0,1.051274060292843,E03_HIDDEN_VULNERABILITY
1029,C,0.75,1.0,1.0,0.5159584045744792,1.9833333333333334,1.0,1.0499291737907812,E03_HIDDEN_VULNERABILITY
1029,C,1.0,1.0,1.0,0.511038568829346,1.9791666666666665,1.0,1.0490205235496013,E03_HIDDEN_VULNERABILITY
1029,C,1.5,1.0,1.0,0.5265617179156639,1.9833333333333334,1.0,1.0509895051248996,E03_HIDDEN_VULNERABILITY
1029,C,2.0,1.0,1.0,0.5171523492794783,1.9833333333333334,1.0,1.0500485682612812,E03_HIDDEN_VULNERABILITY
1029,0,0.5,1.0,1.0,0.49912678485250833,1.9833333333333334,1.0,1.0482460118185841,E03_HIDDEN_VULNERABILITY
1029,0,0.75,1.0,1.0,0.5009000141130103,1.9833333333333334,1.0,1.0484233347446343,E03_HIDDEN_VULNERABILITY
1029,0,1.0,1.0,1.0,0.5054033956503092,1.9833333333333334,1.0,1.0488736728983643,E03_HIDDEN_VULNERABILITY
1029,0,1.5,1.0,1.0,0.5060306313797447,1.9833333333333334,1.0,1.0489363964713079,E03_HIDDEN_VULNERABILITY
1029,0,2.0,1.0,1.0,0.50355605748977,1.9833333333333334,1.0,1.0486889390823104,E03_HIDDEN_VULNERABILITY
